version https://git-lfs.github.com/spec/v1
oid sha256:a4750d54e42e08fb10089ee63fedce768210f62df87847785f05ccd4841b580c
size 174357
